     .0000     .0000     .2030     .0780     .4120     .1580     .6230     .2390
     .8320     .3200    1.0370     .3980    1.2360     .4740    1.4260     .5470
    1.6060     .6150    1.7730     .6770    1.9260     .7330    2.0630     .7820
    2.1860     .8240    2.2970     .8 80    2.4430     .8960    2.6880     .9440
    3.1050     .9780    3.7690     .9210    4.5970     .6000    5.0070    -.0180
    4.9380     .0030    4.9390     .0430    4.9390     .0600    4.9500     .0670
    4.9620     .0690    4.9750     .0680    4.9880     .0630    4.9900     .0550
    5.0100     .0430    5.0190     .0280    5.0240     .0100    5.0260    -.0080
    5.0230    -.0240    5.0170    -.0340    5.0100    -.0380    5.0000    -.0350
    5.0000    -.0280    4.9990    -.0190    4.9990    -.0100    5.0000     .000
  11  10
 0.0 0.5 0.7 0.8 .85 0.9 .95 .97 .98 .99 1.0
 .586E-05 .168E-04 .284E-04 .406E-04 .522E-04 .748E-04
 .143E-03 .237E-03 .355E-03 .715E-03 .400E-02
 0.  .1  .2  .3  .4  .5  .6  .7  .8  .9  1.
 .150E-09 .150E-08 .330E-08 .600E-08 .846E-08 .126E-07
 .169E-07 .500E-07 .320E-06 .513E-05 .900E-03
          0.15798159E 02         -0.70532950E 02          0.12551360E 03
          0.54569771E 01         -0.32878870E 02          0.12551359E 03
          0.26466109E 01          0.47752073E 01         -0.52775810E 02
          0.20183780E 01         -0.11057536E 02          0.60005208E 02
          0.16070270E 01          0.69440255E 01         -0.59191356E 02
          0.12200914E 01         -0.10813382E 02          0.11620305E 03
          0.25435066E 01          0.24047533E 02         -0.26304876E 02
          0.65638669E 01          0.16156072E 02         -0.11767413E 02
          0.94420588E 01          0.12625849E 02          0.13195583E 03
          0.15925904E 02          0.52212604E 02          0.13195586E 03
