 .61255500 .00999470 .01122500 .02326200 .34352800 .00000000 .00000000
 .31827000 .03922674 .23472646 .24166647 .16611023 .00000000 .00000000
 .89052410 .01083761 .01435159 .01680896 .06345431 .00000000 .00000000
 .49579690 .01119678 .02042870 .05789706 .14802980 .06165205 .20500890
 .54902390 .04735980 .05432308 .05937928 .06745618 .22127940 .00000000
 .60480000 .00010500 .00285600 .02570000 .08020000 .28560000 .00000000
 .17750000 .06745000 .07183000 .08340000 .06378000 .13150000 .39630000
 .23755920 .11903130 .14250940 .07173910 .10426620 .04591450 .27727680
 .68251420 .04124635 .16307110 .11321450 .00000000 .00000000 .00000000
      0.0   20729.8    1244.45   89.362  10.0095     0.00       .00
        0.0     .1      11.504    81.751   161.19      .000      .000
    0.0     543.3986  134.9494  30.78471  10.12534       .0        .0
        .0  61402.27  7620.789  1880.203  377.0886  61.32049  19.89461
        .0  12059.95  2333.462  633.4415  201.4398  16.19121        .0
      .0      15.2       4.7       1.23       .22       .012      .000
     .0     122.8       7.79      1.13       .295      .0937     .0142
       .0   61402.27  3892.078  738.3123  205.0679  61.00174  19.79598
      .0   86547.72   6290.283   246.143      .000      .000      .000
 5 5 5 7 6 6 7 7 4
 .9320E-14 .9653E-14 .1041E-13 .1432E-13 .2165E-13 .2706E-13 .3790E-13 .4947E-13
 .3627E-14 .3765E-14 .4076E-14 .5764E-14 .8947E-14 .1142E-13 .1739E-13 .2388E-13
 .1920E-14 .1997E-14 .2179E-14 .3169E-14 .4917E-14 .6292E-14 .1034E-13 .1463E-13
 .1119E-14 .1177E-14 .1318E-14 .2081E-14 .3325E-14 .4268E-14 .7540E-14 .1089E-13
 .8513E-15 .8800E-15 .9493E-15 .1306E-14 .1849E-14 .2254E-14 .4022E-14 .5957E-14
 .5674E-15 .6001E-15 .6813E-15 .1142E-14 .1901E-14 .2475E-14 .4801E-14 .7273E-14
 .8440E-14 .8835E-14 .1137E-13 .1721E-13 .2647E-13 .4007E-13 .6913E-13 .9971E-13
 .3762E-14 .3928E-14 .5005E-14 .7495E-14 .1169E-13 .1836E-13 .3420E-13 .5271E-13
 .2292E-14 .2389E-14 .3029E-14 .4447E-14 .6835E-14 .1072E-13 .2034E-13 .3222E-13
 .1438E-14 .1521E-14 .2010E-14 .3056E-14 .4749E-14 .7425E-14 .1400E-13 .2219E-13
 .8380E-15 .8800E-15 .1135E-14 .1616E-14 .2359E-14 .3553E-14 .6715E-14 .1111E-13
 .6120E-15 .6540E-15 .9415E-15 .1572E-14 .2607E-14 .4261E-14 .8465E-14 .1402E-13
 .1938E-13 .2121E-13 .2698E-13 .5428E-13 .7793E-13 .1094E-12 .1741E-12 .2576E-12
 .1329E-13 .1486E-13 .2031E-13 .4700E-13 .6798E-13 .9998E-13 .1625E-12 .2449E-12
 .1025E-13 .1163E-13 .1649E-13 .4208E-13 .6208E-13 .9230E-13 .1581E-12 .2429E-12
 .7003E-14 .8000E-14 .1167E-13 .3290E-13 .5058E-13 .7873E-13 .1431E-12 .2290E-12
 .1865E-14 .2134E-14 .3183E-14 .1033E-13 .1716E-13 .2930E-13 .6148E-13 .1114E-12
 .1452E-14 .1874E-14 .3485E-14 .1386E-13 .2340E-13 .3985E-13 .8183E-13 .1444E-12
 .8386E-14 .8714E-14 .9380E-14 .1286E-13 .1965E-13 .2468E-13 .3348E-13 .4310E-13
 .2650E-14 .2752E-14 .2980E-14 .4210E-14 .6810E-14 .8880E-14 .1273E-13 .1720E-13
 .9338E-15 .9750E-15 .1006E-14 .1581E-14 .2722E-14 .3670E-14 .5494E-14 .7690E-14
 .2374E-15 .2622E-15 .3170E-15 .6150E-15 .1247E-14 .1754E-14 .2710E-14 .3840E-14
 .1523E-15 .1632E-15 .1866E-15 .3044E-15 .5222E-15 .6812E-15 .9608E-15 .1271E-14
 .1188E-15 .1329E-15 .1619E-15 .3240E-15 .6540E-15 .9056E-15 .1357E-14 .1864E-14
 .6011E-15 .6032E-15 .6092E-15 .6387E-15 .6665E-15 .6800E-15 .7207E-15 .7393E-15
 .5459E-15 .5506E-15 .5599E-15 .6009E-15 .6391E-15 .6581E-15 .7080E-15 .7347E-15
 .3548E-15 .3583E-15 .3655E-15 .3991E-15 .4360E-15 .4600E-15 .5467E-15 .6302E-15
 .2409E-15 .2714E-15 .3388E-15 .6125E-15 .1071E-14 .1407E-14 .2319E-14 .3292E-14
 .3877E-15 .4089E-15 .4583E-15 .7033E-15 .1082E-14 .1357E-14 .2331E-14 .3380E-14
 .3086E-15 .3369E-15 .4040E-15 .7553E-15 .1329E-14 .1757E-14 .3211E-14 .4735E-14
 .3119E-14 .3174E-14 .3467E-14 .3896E-14 .4337E-14 .4798E-14 .5505E-14 .6050E-14
 .1732E-14 .1757E-14 .1935E-14 .2188E-14 .2450E-14 .2722E-14 .3118E-14 .3398E-14
 .1244E-14 .1269E-14 .1405E-14 .1598E-14 .1802E-14 .2019E-14 .2366E-14 .2680E-14
 .8790E-15 .9155E-15 .1137E-14 .1572E-14 .2212E-14 .3137E-14 .5210E-14 .7635E-14
 .5015E-15 .5300E-15 .7030E-15 .1034E-14 .1530E-14 .2289E-14 .4165E-14 .6605E-14
 .4021E-15 .4352E-15 .6550E-15 .1134E-14 .1870E-14 .3074E-14 .5915E-14 .9460E-14
 .3793E-15 .3788E-15 .3770E-15 .3750E-15 .3760E-15 .3773E-15 .3818E-15 .3888E-15
 .3425E-15 .3435E-15 .3465E-15 .3713E-15 .3980E-15 .4330E-15 .5313E-15 .6908E-15
 .2520E-15 .2613E-15 .2950E-15 .5185E-15 .7393E-15 .1129E-14 .2188E-14 .3695E-14
 .3485E-15 .7360E-15 .1581E-14 .5333E-14 .8480E-14 .1336E-13 .2491E-13 .4128E-13
 .3530E-15 .5760E-15 .1318E-14 .5528E-14 .9278E-14 .1556E-13 .3140E-13 .5500E-13
 .6018E-15 .9460E-15 .2128E-14 .8895E-14 .1482E-13 .2460E-13 .4855E-13 .8305E-13
 .3790E-15 .3786E-15 .3768E-15 .3744E-15 .3752E-15 .3762E-15 .3782E-15 .3816E-15
 .3016E-15 .3026E-15 .3046E-15 .3124E-15 .3224E-15 .3278E-15 .3350E-15 .3416E-15
 .1712E-15 .1722E-15 .1744E-15 .1836E-15 .1972E-15 .2058E-15 .2196E-15 .2340E-15
 .1054E-15 .1215E-15 .1563E-15 .3348E-15 .6762E-15 .9284E-15 .1371E-14 .1858E-14
 .1429E-15 .1534E-15 .1761E-15 .2902E-15 .5012E-15 .6544E-15 .9228E-15 .1216E-14
 .1163E-15 .1296E-15 .1588E-15 .3184E-15 .6418E-15 .8870E-15 .1325E-14 .1813E-14
     .6438     .6489     .6591     .6944     .7249     .7375     .7557     .7666
     .6218     .6258     .6347     .6664     .6918     .7034     .7286     .7423
     .6682     .6702     .6865     .6936     .7021     .7065     .7315     .7427
     .7512     .7530     .7567     .7636     .7557     .7517     .7758     .7834
     .6210     .6318     .6552     .7360     .7838     .8031     .8553     .8749
     .6166     .6226     .6333     .6733     .6969     .7079     .7494     .7705
     .6576     .6642     .6947     .7280     .7509     .7666     .7818     .7897
     .6198     .6260     .6550     .6859     .7094     .7284     .7503     .7700
     .6573     .6619     .6822     .6976     .7092     .7207     .7381     .7643
     .7324     .7358     .7492     .7515     .7497     .7496     .7556     .7647
     .6146     .6287     .6960     .7612     .8058     .8369     .8680     .8856
     .5788     .5879     .6298     .6701     .7008     .7268     .7603     .7842
     .6801     .6937     .7232     .7732     .7864     .7977     .8097     .8189
     .6868     .7013     .7360     .7802     .7870     .7945     .8022     .8096
     .6995     .7166     .7512     .7942     .8002     .8056     .8109     .8149
     .6911     .7177     .7618     .8147     .8246     .8337     .8434     .8499
     .5932     .6222     .6774     .7646     .7903     .8144     .8429     .8624
     .5191     .5310     .5541     .6137     .6387     .6653     .7011     .7288
     .6260     .6314     .6420     .6785     .7128     .7269     .7422     .7525
     .5616     .5665     .5763     .6127     .6509     .6682     .6884     .7033
     .5109     .5153     .5241     .5583     .5970     .6155     .6382     .6555
     .4024     .4058     .4129     .4425     .4798     .4991     .5241     .5443
     .1687     .1692     .1706     .1803     .1992     .2113     .2293     .2454
     .1089     .1097     .1114     .1207     .1359     .1451     .1583     .1700
 .9470E-14 .1009E-13 .1088E-13 .1497E-13 .2273E-13 .2847E-13 .3993E-13 .5219E-13
 .8835E-14 .9240E-14 .1189E-13 .1801E-13 .2782E-13 .4229E-13 .7325E-13 .1058E-12
 .1994E-13 .2171E-13 .2748E-13 .5488E-13 .7865E-13 .1093E-12 .1750E-12 .2588E-12
 .8838E-14 .9160E-14 .9864E-14 .1353E-13 .2074E-13 .2612E-13 .3554E-13 .4586E-13
 .889000E-10 .956000E-10 .915000E-10 .115200E-09 .547483E-10
 .227000E-09 .236500E-09 .246500E-09 .244300E-09 .257139E-09
 .540900E-09 .557000E-09 .573800E-09 .578400E-09 .807159E-09
 .000000E+00 .000000E+00 .000000E+00 .000000E+00 .000000E+00
 .217900E-09 .226900E-09 .249100E-09 .240400E-09 .127200E-09
 .390500E-09 .409100E-09 .416500E-09 .433000E-09 .121100E-09
 .731900E-09 .720000E-09 .789700E-09 .795000E-09 .646200E-09
 .937700E-15 .181800E-12 .102500E-11 .208300E-10 .140625E-10 .265454E-10
 .376500E-14 .728100E-12 .410200E-11 .580400E-10 .545832E-10 .900382E-10
 .133500E-13 .249200E-11 .143200E-10 .144700E-09 .182558E-09 .257788E-09
 .000000E+00 .000000E+00 .000000E+00 .000000E+00 .000000E+00 .000000E+00
 .105600E-13 .338500E-12 .398600E-11 .122600E-09 .205000E-10 .387000E-10
 .242200E-13 .792800E-12 .916300E-11 .216500E-09 .674300E-10 .111200E-09
 .594500E-13 .193700E-11 .213200E-10 .397400E-09 .329500E-09 .465300E-09
  .84070  .80853  .75698  .87295 .788258  .85383  .83599  .82289  .85208 .870998
  .86269  .85016  .84920  .89122 .902969  .84135  .81718  .80310  .85135  .83207
  .85280  .83330  .82300  .92200  .86100  .86100  .84130  .84200  .92200  .90400
  .86450  .83050  .87000  .96700  .93400
 .47E+13 .12065217E+13 .31701346E+12 .00000000E+00 .114E+13 .485E+12 .195E+12
 .506400E-01 .520500E-01 .534900E-01 .597400E-01 .203757E+00
 .452700E-05 .821900E-03 .498300E-02 .179500E-01 .278174E-01 .270000E-01
 .109871E+05 .115374E+05 .121999E+05 .110678E+05 .989814E+03
 .112147E+04 .887050E+03 .896430E+03 .619970E+04 .355266E+04 .517500E+04
 0.189470E-04 0.559595E-06 0.118242E-06 0.161830E-07
1018.2624 230.1327  39.2042 67.71235
 0.     0.0258 0.0400 0.0627 0.0873 0.1219 0.1773 0.2292 0.2882 0.3728 0.4387 00
 0.5014 0.5883 0.6527 0.7216 0.8199 0.9059 1.0034 1.1475 1.2388 1.2981 1.3404 00
 0.     0.0301 0.0445 0.0716 0.0984 0.1345 0.1999 0.2569 0.3238 0.4201 0.4937 00
 0.5686 0.6685 0.7465 0.8264 0.9438 1.0438 1.1588 1.3247 1.4262 1.4895 1.5285 00
 0.     0.0342 0.0510 0.0797 0.1113 0.1514 0.2228 0.2894 0.3635 0.4738 0.5586 00
 0.6451 0.7624 0.8490 0.9479 1.0838 1.2017 1.3347 1.5209 1.6298 1.6940 1.7754 00
 0.     0.0405 0.0601 0.0904 0.1264 0.1708 0.2517 0.3263 0.4103 0.5351 0.6351 00
 0.7329 0.8694 0.9749 1.0877 1.2451 1.3814 1.5302 1.7380 1.8511 1.9138 1.9468 00
 0.     0.0485 0.0700 0.1053 0.1424 0.1966 0.2855 0.3692 0.4676 0.6077 0.7193 00
 0.8357 0.9932 1.1189 1.2466 1.4317 1.5833 1.7510 1.9747 2.0887 2.1493 2.1776 00
 0.     0.0559 0.0827 0.1206 0.1638 0.2210 0.3259 0.4188 0.5272 0.6917 0.8202 00
 0.9511 1.1379 1.2785 1.4315 1.6395 1.8129 1.9953 2.2315 2.3523 2.4047 2.4272 00
 0.     0.0651 0.0984 0.1423 0.1870 0.2526 0.3684 0.4807 0.6012 0.7848 0.9371 00
 1.0862 1.2985 1.4663 1.6405 1.8684 2.0694 2.2720 2.5235 2.6340 2.6780 2.6979 00
 0.     0.0764 0.1133 0.1620 0.2173 0.2898 0.4218 0.5434 0.6857 0.8958 1.0639 00
 1.2418 1.4850 1.6797 1.8773 2.1437 2.3595 2.5735 2.8363 2.9393 2.9741 2.9944 00
 0.     0.0904 0.1315 0.1860 0.2476 0.3312 0.4800 0.6185 0.7764 1.0210 1.2133 00
 1.4128 1.6983 1.9163 2.1274 2.4441 2.6773 2.9097 3.1750 3.2631 3.2992 3.3177 00
 0.     0.1052 0.1536 0.2157 0.2811 0.3779 0.5467 0.7028 0.8824 1.1542 1.3816 00
 1.6064 1.9325 2.1865 2.4413 2.7782 3.0319 3.2692 3.5488 3.6330 3.6527 3.6710 00
 0.     0.1213 0.1785 0.2458 0.3220 0.4262 0.6181 0.7992 0.9989 1.3096 1.5635 00
 1.8256 2.1949 2.4809 2.7739 3.1426 3.3815 3.6631 3.9458 4.0279 4.0333 4.0560 00
 0.     0.1401 0.2041 0.2828 0.3643 0.4842 0.7014 0.8968 1.1344 1.4839 1.7669 00
 2.0642 2.4917 2.8064 3.1405 3.4851 3.8279 4.0879 4.3832 4.4400 4.4472 4.4719 00
 0.     0.1608 0.2354 0.3211 0.4176 0.5441 0.7881 1.0140 1.2681 1.6650 1.9935 00
 2.3292 2.8018 3.1708 3.5325 3.9707 4.2443 4.5521 4.8311 4.8901 4.8946 4.9207 00
   0.       1.8021   2.6595   4.3260   6.0215   8.2160  11.8395  15.085200 07
  18.6216  23.4369  26.9054  30.1899  34.2688  37.1124  39.8591  43.279200 07
  45.7256  47.9928  50.8364  52.8274  54.6876  56.9741   0.       2.081600 07
   3.0820   4.9975   6.9500   9.4980  13.7255  17.5157  21.6816  27.401400 07
  31.5674  35.5399  40.5528  44.1084  47.5991  52.0977  55.4741  58.803800 07
  63.1974  66.1524  68.6256  71.3186   0.       2.4031   3.5595   5.754000 07
   7.9985  10.9275  15.8390  20.2472  25.1181  31.8709  36.8289  41.608400 07
  47.7073  52.0859  56.4706  62.2357  66.7016  71.2713  77.4254  81.432400 07
  84.5431  87.8381   0.       2.7766   4.1150   6.6045   9.1870  12.538500 07
  18.2115  23.3257  28.9871  36.9154  42.7974  48.4984  55.8663  61.205400 07
  66.6486  73.8802  79.6171  85.5958  93.7199  98.8369 102.5821 106.449100 07
   0.       3.2216   4.7655   7.5830  10.5310  14.3755  20.8975  26.803200 07
  33.3766  42.6294  49.5694  56.3414  65.1793  71.6744  78.3201  87.264200 07
  94.4406 102.0018 112.2834 118.5359 122.8976 127.0711   0.       3.743600 07
   5.5290   8.7125  12.0620  16.4635  23.9545  30.7432  38.3506  49.126400 07
  57.2669  65.2754  75.8348  83.6614  91.7106 102.6202 111.4216 120.733300 07 1
 133.3144 140.7409 145.6676 150.0951   0.       4.3486   6.4345  10.027000 07
  13.8160  18.8315  27.4260  35.2407  43.9926  56.5089  66.0534  75.461900 07
  88.0168  97.3854 107.0706 120.1597 130.8331 142.0698 157.0894 165.672400 07 1
 171.0811 175.7206   0.       5.0561   7.4930  11.5485  15.8375  21.543500 07
  31.3770  40.3612  50.4271  64.9119  76.0584  87.1019 101.9343 113.115400 07 1
 124.6596 140.2202 152.9776 166.2973 183.8884 193.5389 199.3416 204.182100 07
   0.       5.8901   8.7170  13.2885  18.1620  24.6485  35.8860  46.170700 07
  57.7376  74.4959  87.4444 100.3749 117.8508 131.0954 144.6831 163.159200000000
 178.1616 193.7133 213.9449 224.5509 230.7081 235.7426   0.       6.868100 07
  10.1425  15.2970  20.8055  28.1940  41.0195  52.7772  66.0316  85.371900 07 1
 100.4189 115.4709 136.0048 151.6094 167.5266 189.2707 206.7076 224.607800 07 2
 247.5639 259.0314 265.4676 270.6861   0.       8.0006  11.8030  17.604500 07
  23.8210  32.2145  46.8435  60.2872  75.4381  97.6909 115.1444 132.630900 07 1
 156.6418 174.9464 193.6026 218.8747 238.7746 259.2693 285.0369 297.335900 07 3
 303.8976 309.3211   0.       9.3076  13.7160  20.2475  27.2525  36.766500 07
  53.4410  68.7672  86.1046 111.6584 131.7964 152.0799 180.0748 201.382900 07 2
 223.1746 252.0132 274.8216 298.0243 326.6819 339.6754 346.3001 351.960600 07
   0.      10.8121  15.9135  23.2670  31.1620  41.9080  60.8885  78.321200 07
  98.1171 127.4029 150.5984 174.0469 206.5423 231.2689 256.5396 289.2922009007 3
 315.1826 341.2243 372.7534 386.3259 393.0091 398.9236000 0000000000000000000000
 0.     0.     0.     0.     0.     0.     0.     0.     0.     0.     0.
 0.     0.     0.     0.     0.     0.     0.     0.     0.     0.     0.
 0.0019 0.0019 0.0019 0.0019 0.0019 0.0019 0.0019 0.0019 0.0019 0.0019 0.0019
 0.0019 0.0019 0.0015 0.0015 0.0015 0.0015 0.0010 0.0010 0.0010 0.0005 0.
 0.0039 0.0039 0.0039 0.0039 0.0039 0.0039 0.0039 0.0039 0.0039 0.0039 0.0039
 0.0039 0.0039 0.0034 0.0034 0.0029 0.0024 0.0019 0.0015 0.0010 0.0005 0.
 0.0058 0.0058 0.0058 0.0058 0.0058 0.0058 0.0058 0.0058 0.0058 0.0058 0.0058
 0.0053 0.0053 0.0048 0.0048 0.0044 0.0034 0.0024 0.0015 0.0005 0.    -0.0005
 0.0111 0.0111 0.0111 0.0111 0.0111 0.0111 0.0111 0.0111 0.0111 0.0111 0.0111
 0.0107 0.0097 0.0092 0.0082 0.0068 0.0048 0.0029 0.0010 0.    -0.0005-0.0005
 0.0160 0.0160 0.0160 0.0160 0.0160 0.0160 0.0160 0.0160 0.0160 0.0160 0.0155
 0.0150 0.0140 0.0131 0.0121 0.0097 0.0073 0.0044 0.0015-0.0005-0.0010-0.0010
 0.0257 0.0257 0.0257 0.0257 0.0257 0.0257 0.0257 0.0257 0.0257 0.0252 0.0247
 0.0237 0.0223 0.0208 0.0189 0.0155 0.0116 0.0073 0.0019-0.0005-0.0015-0.0015
 0.0358 0.0358 0.0358 0.0358 0.0358 0.0358 0.0358 0.0358 0.0358 0.0354 0.0349
 0.0334 0.0315 0.0296 0.0266 0.0213 0.0165 0.0102 0.0029-0.0005-0.0019-0.0019
 0.0499 0.0499 0.0499 0.0499 0.0499 0.0499 0.0499 0.0499 0.0499 0.0494 0.0480
 0.0465 0.0436 0.0407 0.0373 0.0300 0.0228 0.0145 0.0039-0.0010-0.0029-0.0029
 0.0819 0.0819 0.0819 0.0819 0.0819 0.0819 0.0819 0.0819 0.0819 0.0809 0.0794
 0.0765 0.0722 0.0673 0.0615 0.0494 0.0373 0.0237 0.0068-0.0015-0.0044-0.0044
 0.1177 0.1177 0.1177 0.1177 0.1177 0.1177 0.1177 0.1177 0.1172 0.1163 0.1138
 0.1100 0.1032 0.0969 0.0882 0.0712 0.0543 0.0344 0.0097-0.0015-0.0063-0.0063
 0.1657 0.1657 0.1657 0.1657 0.1657 0.1657 0.1657 0.1657 0.1652 0.1637 0.1603
 0.1550 0.1453 0.1361 0.1240 0.1003 0.0765 0.0489 0.0145-0.0019-0.0092-0.0092
 0.2471 0.2471 0.2471 0.2471 0.2471 0.2471 0.2471 0.2471 0.2461 0.2437 0.2383
 0.2311 0.2170 0.2035 0.1851 0.1502 0.1148 0.0736 0.0223-0.0029-0.0136-0.0131
 0.3134 0.3134 0.3134 0.3134 0.3134 0.3134 0.3134 0.3129 0.3125 0.3086 0.3023
 0.2931 0.2756 0.2587 0.2354 0.1914 0.1468 0.0945 0.0291-0.0029-0.0170-0.0165
 0.3812 0.3812 0.3812 0.3812 0.3812 0.3812 0.3812 0.3812 0.3798 0.3754 0.3677
 0.3570 0.3357 0.3149 0.2868 0.2335 0.1792 0.1163 0.0363-0.0034-0.0203-0.0199
 0.4738 0.4738 0.4738 0.4738 0.4738 0.4738 0.4738 0.4738 0.4723 0.4660 0.4568
 0.4437 0.4181 0.3924 0.3575 0.2916 0.2253 0.1473 0.0475-0.0029-0.0247-0.0237
 0.5416 0.5416 0.5416 0.5416 0.5416 0.5416 0.5416 0.5411 0.5392 0.5314 0.5212
 0.5067 0.4781 0.4486 0.4089 0.3333 0.2582 0.1700 0.0557-0.0024-0.0276-0.0262
 0.6089 0.6089 0.6089 0.6089 0.6089 0.6089 0.6084 0.6080 0.6055 0.5968 0.5852
 0.5692 0.5377 0.5043 0.4597 0.3754 0.2916 0.1928 0.0644-0.0019-0.0305-0.0286
 0.6981 0.6981 0.6981 0.6981 0.6981 0.6981 0.6976 0.6971 0.6937 0.6831 0.6700
 0.6525 0.6167 0.5784 0.5319 0.4311 0.3357 0.2238 0.0765-0.0005-0.0339-0.0315
 0.7644 0.7644 0.7644 0.7644 0.7649 0.7644 0.7640 0.7630 0.7591 0.7475 0.7329
 0.7141 0.6753 0.6336 0.5779 0.4723 0.3687 0.2466 0.0857 0.0005-0.0363-0.0334
 0.8289 0.8289 0.8289 0.8284 0.8293 0.8289 0.8279 0.8264 0.8216 0.8090 0.7935
 0.7732 0.7315 0.6864 0.6259 0.5120 0.4001 0.2689 0.0949 0.0024-0.0378-0.0349
 0.9141 0.9141 0.9136 0.9132 0.9141 0.9136 0.9127 0.9107 0.9049 0.8904 0.8739
 0.8511 0.8061 0.7567 0.6898 0.5648 0.4423 0.2989 0.1075 0.0048-0.0402-0.0368
   0.       0.       0.       0.       0.       0.       0.       0.
   0.       0.       0.       0.       0.       0.       0.       0.
   0.       0.       0.       0.       0.       0.       0.1520   0.1520
   0.1520   0.1520   0.1520   0.1520   0.1520   0.1520   0.1520   0.1520
   0.1520   0.1520   0.1520   0.1331   0.1331   0.1283   0.1134   0.0986
   0.0889   0.0592   0.0244   0.0145   0.3003   0.3003   0.3003   0.3003
   0.3003   0.3003   0.3003   0.3003   0.3003   0.3003   0.3003   0.3003
   0.2854   0.2804   0.2516   0.2369   0.2022   0.1777   0.1383   0.0938
   0.0591   0.0242   0.4506   0.4506   0.4506   0.4506   0.4506   0.4506
   0.4506   0.4506   0.4506   0.4506   0.4457   0.4307   0.4157   0.4027
   0.3729   0.3392   0.2906   0.2264   0.1675   0.1083   0.0638   0.0439
   0.7418   0.7418   0.7418   0.7418   0.7418   0.7418   0.7418   0.7418
   0.7418   0.7418   0.7418   0.7278   0.6978   0.6780   0.6402   0.5666
   0.4832   0.3692   0.2037   0.1177   0.0683   0.0336   1.0380   1.0380
   1.0380   1.0380   1.0380   1.0380   1.0380   1.0380   1.0380   1.0380
   1.0230   1.0132   0.9792   0.9453   0.8925   0.7891   0.6801   0.5123
   0.2905   0.1557   0.0775   0.0380   1.6334   1.6334   1.6334   1.6334
   1.6334   1.6334   1.6334   1.6334   1.6334   1.6284   1.6134   1.5934
   1.5566   1.4967   1.4182   1.2451   1.0645   0.8284   0.4638   0.2519
   0.1351   0.0519   2.2844   2.2844   2.2844   2.2844   2.2844   2.2844
   2.2844   2.2844   2.2844   2.2804   2.2674   2.2344   2.1655   2.0988
   1.9853   1.7477   1.4986   1.1484   0.6539   0.3598   0.1894   0.4656
   3.1434   3.1434   3.1434   3.1434   3.1434   3.1434   3.1434   3.1434
   3.1434   3.1384   3.1144   3.0714   2.9947   2.8810   2.7327   2.4175
   2.0600   1.5899   0.8921   0.4840   0.2524   0.1069   5.1499   5.1499
   5.1499   5.1499   5.1499   5.1499   5.1499   5.1499   5.1499   5.1399
   5.1049   5.0381   4.8974   4.7140   4.4711   3.9540   3.3761   2.6102
   1.4823   0.8047   0.4244   0.1720   7.3241   7.3241   7.3241   7.3241
   7.3241   7.3241   7.3241   7.3241   7.3191   7.3101   7.2571   7.1663
   6.9608   6.7195   6.3641   5.6333   4.8090   3.7295   2.1116   1.1568
   0.5961   0.2578  10.2470  10.2470  10.2470  10.2470  10.2470  10.2470
  10.2470  10.2370  10.2320  10.2070  10.1401  10.0143   9.7219   9.3870
   8.8992   7.8759   6.7237   5.2362   2.9787   1.6283   0.8368   0.3492
  15.0361  15.0361  15.0361  15.0361  15.0361  15.0361  15.0361  15.0361
  15.0161  14.9663  14.8723  14.6826  14.2555  13.7631  13.0500  11.5584
   9.8975   7.7058   4.4075   2.4039   1.2458   0.5327  18.8596  18.8596
  18.8596  18.8596  18.8596  18.8596  18.8596  18.8546  18.8406  18.7787
  18.6459  18.4082  17.8943  17.2701  16.3740  14.5222  12.4455   9.6996
   5.5806   3.0473   1.5590   0.6493  22.7185  22.7185  22.7185  22.7185
  22.7185  22.7185  22.7185  22.7185  22.6945  22.6157  22.4578  22.1663
  21.5365  20.8127  19.7292  17.5130  15.0129  11.7234   6.7604   3.7015
   1.8900   0.7698  27.8259  27.8259  27.8259  27.8259  27.8259  27.8259
  27.8259  27.8259  27.8061  27.6882  27.4824  27.1369  26.3734  25.4872
  24.1725  21.4605  18.4222  14.4311   8.3569   4.5716   2.3059   0.9150
  31.5520  31.5520  31.5520  31.5520  31.5520  31.5520  31.5520  31.5470
  31.5280  31.3772  31.1435  30.7470  29.8947  28.8718  27.3899  24.3196
  20.9091  16.4070   9.5234   5.1941   2.5886   1.0251  35.2426  35.2426
  35.2426  35.2426  35.2426  35.2426  35.2376  35.2336  35.1936  35.0238
  34.7441  34.3027  33.3616  32.2252  30.5769  27.1520  23.3635  18.3543
  10.6810   5.8090   2.8526   1.0936  40.0732  40.0732  40.0732  40.0732
  40.0732  40.0732  40.0682  40.0583  40.0143  39.8055  39.4868  38.9724
  37.8928  36.6048  34.7873  30.8574  26.5655  20.9032  12.1878   6.5932
   3.1719   1.2017  43.6894  43.6894  43.6894  43.6894  43.6944  43.6894
  43.6854  43.6754  43.6135  43.3717  43.0220  42.4606  41.2883  39.8816
  37.8577  33.6284  28.9665  22.8110  13.3120   7.1656   3.4005   1.2607
  47.1598  47.1598  47.1598  47.1548  47.1638  47.1598  47.1498  47.1348
  47.0740  46.7971  46.4134  45.7932  44.5280  43.0218  40.8376  36.2697
  31.2555  24.6277  14.3829   7.7315   3.6226   1.3036  51.8098  51.8098
  51.8048  51.8008  51.8098  51.8048  51.7958  51.7758  51.6898  51.3691
  50.9394  50.2553  48.8544  47.1849  44.7895  39.8005  34.3028  27.0557
  15.8166   8.4469   3.8893   1.3748
 0.33130000E 00 0.32840000E 00
 0.32545000E 00 0.32240000E 00 0.31925000E 00 0.31595000E 00
 0.31245000E 00 0.30875000E 00 0.30485000E 00 0.30070000E 00
 0.29625000E 00 0.29145000E 00 0.28615000E 00 0.28010000E 00
 0.27305000E 00 0.26485000E 00 0.25545000E 00 0.24510000E 00
 0.23425000E 00 0.22315000E 00 0.21180000E 00 0.20020000E 00
 0.18840000E 00 0.17640000E 00 0.16425000E 00 0.15195000E 00
 0.13950000E 00 0.12695000E 00 0.11435000E 00 0.10180000E 00
 0.89500001E-01 0.78050001E-01 0.67900000E-01 0.59000000E-01
 0.51350000E-01 0.45000000E-01 0.39550000E-01 0.34600000E-01
 0.30150000E-01 0.26200000E-01 0.22750000E-01 0.19700000E-01
 0.16950000E-01 0.14550000E-01 0.12500000E-01 0.10750000E-01
 0.92000001E-02 0.78000001E-02 0.65500001E-02 0.54500001E-02
 0.45000000E-02 0.00000000E+00
 0.18104987E-01 0.17669987E-01
 0.17227487E-01 0.16769987E-01 0.16297487E-01 0.15802487E-01
 0.15277487E-01 0.14722487E-01 0.14137487E-01 0.13514987E-01
 0.12847487E-01 0.12127487E-01 0.11332487E-01 0.10424987E-01
 0.93990270E-02 0.83276390E-02 0.72770610E-02 0.62859360E-02
 0.53963860E-02 0.46181590E-02 0.39380895E-02 0.33435255E-02
 0.28260825E-02 0.23755325E-02 0.19844870E-02 0.16451570E-02
 0.13503690E-02 0.10951790E-02 0.87493100E-03 0.68624801E-03
 0.52695451E-03 0.39886200E-03 0.30096050E-03 0.22690250E-03
 0.17186700E-03 0.13227450E-03 0.10291300E-03 0.79763500E-04
 0.61671000E-04 0.47667500E-04 0.36989000E-04 0.28757500E-04
 0.22258000E-04 0.17275000E-04 0.13546500E-04 0.10749000E-04
 0.85745000E-05 0.68380001E-05 0.54720001E-05 0.44100000E-05
 0.36000000E-05 0.00000000E+00
  101300.   294.00 24  5
 1.00 0.80 0.80 0.7070 40.000 23.000  0.000 30.000-45.000
 0.000459  0.14389341E-04  0.98692327E-08
       .0  1000.   2000.   3000.   4000.   5000.   6000.   6100.   6200.   6300.
   6400.   6500.   6600.   6700.   6800.   6900.   7000.   8000.   9000.  10000.
  20000.  30000.  40000.  50000.
   294.0   290.0   285.0   279.0   273.0   267.0   261.0   260.4   259.8   259.2
   258.6   258.0   257.4   256.8   256.2   255.6   255.0   248.0   242.0   235.0
   218.0   234.0   258.0   276.0
   .7679   .6463   .5574   .4586   .3963   .3201   .3068   .3088   .3103   .3114
   .3119   .3119   .3111   .3097   .3074   .3042   .3000   .3080   .3025   .3167
   .0143   .0020   .0000   .0000
  .000E+00  .000E+00  .000E+00  .000E+00  .000E+00  .000E+00  .213E-04  .213E-04
  .213E-04  .213E-04  .213E-04  .213E-04  .213E-04  .213E-04  .213E-04  .213E-04
  .000E+00  .000E+00  .000E+00  .000E+00  .000E+00  .000E+00  .000E+00  .000E+00
     .0      .0      .0      .0      .0      .0     1.      1.      1.      1.
    1.      1.      1.      1.      1.      1.       .0      .0      .0      .
     .0      .0      .0      .
  400.    400.    400.    400.    400.    400.    400.    400.    400.    400.
  400.    400.    400.    400.    400.    400.    400.    400.    400.    400.
  400.    400.    400.    400.
      1.      .5      .4      .3      .2      .1      .0      .0      .0      .
      .0      .0      .0      .0      .0      .0      .0      .0      .0      .
      .0      .0      .0      .
111111111111111111111111
111111111111111111111111
