LOAM
         -0.44068808E+03          0.20892731E+05         -0.39102295E+06
         -0.26108748E+03          0.15027387E+05         -0.39102331E+06
         -0.12298936E+03          0.79889666E+04         -0.19824579E+06
         -0.15866821E+02         -0.33735678E+03          0.77339193E+04
         -0.19480868E+02          0.17308189E+03         -0.41104178E+04
         -0.19455985E+02         -0.17219326E+03          0.10999624E+05
         -0.13144167E+02          0.48778416E+03         -0.12618944E+05
         -0.70284298E+01         -0.80068371E+02          0.83408242E+03
         -0.82666526E+01          0.57555222E+02         -0.14074551E+03
         -0.51933522E+01          0.44888124E+02         -0.16448151E+03
         -0.13268930E+01          0.10347007E+02         -0.30386874E+03
         -0.33670344E+01         -0.44349369E+02          0.77501741E+03
         -0.39354494E+01          0.25402204E+02         -0.55039934E+03
         -0.45451899E+01         -0.40645721E+02          0.10877224E+03
         -0.66902481E+01         -0.30856221E+02          0.26102981E+04
         -0.14938161E+01          0.20407062E+03         -0.15546899E+06
         -0.44053083E+02         -0.44599985E+04         -0.15546902E+06
          0.52634343E+03         -0.21440106E+05          0.31527221E+06
          0.24383399E+03         -0.13873573E+05          0.31527231E+06
          0.40435613E+02          0.31368107E+03          0.14638253E+05
          0.49638968E+02          0.70891382E+03         -0.67281049E+05
          0.43632929E+02         -0.13095175E+04          0.41525181E+05
          0.32376901E+02          0.55911575E+03         -0.43149149E+05
          0.13976524E+02         -0.16414909E+04          0.99496848E+05
          0.51593782E+02          0.37313388E+04         -0.18907170E+06
          0.69499044E+02         -0.19408128E+04          0.24509636E+05
          0.19226295E+02          0.26505447E+03         -0.42156087E+04
          0.18066833E+02         -0.29140591E+03          0.86744653E+04
          0.15403832E+02          0.12496838E+03         -0.21534531E+04
          0.13568759E+02         -0.16574779E+03          0.13530000E+04
          0.76149763E+01          0.57497207E+02         -0.61985435E+03
          0.78202141E+01         -0.54076576E+02          0.37053065E+03
          0.52726352E+01         -0.96128961E+01          0.37053069E+03
          0.18361142E+01         -0.48815427E+02          0.16338285E+03
         -0.18200571E+01         -0.24308000E+02          0.16338284E+03
         -0.30254858E+01          0.19942462E+00          0.22436582E+03
         -0.13227996E+01          0.33854300E+02         -0.21860616E+03
          0.42308419E+00          0.10633764E+01          0.29258793E+02
          0.74886277E+00          0.54521953E+01         -0.11858901E+03
          0.40466471E+00         -0.12336157E+02          0.30501725E+03
          0.14586785E+01          0.33416438E+02         -0.27842712E+03
          0.20434790E+01          0.25063623E+02         -0.27842714E+03
          0.37124397E+01          0.86116807E+02         -0.43211203E+03
          0.90832802E+01          0.21299999E+02         -0.43211203E+03
          0.79724398E+01         -0.43516808E+02          0.12056026E+03
          0.45249608E+01         -0.25432769E+02          0.92271069E+02
          0.26737170E+01         -0.11592107E+02          0.91955349E+02
          0.22041713E+01          0.22011959E+01         -0.40892504E+02
          0.21175971E+01         -0.39326798E+01         -0.26785230E+02
          0.15234399E+01         -0.79504641E+01          0.60642387E+02
          0.13826233E+01         -0.61311916E+01          0.60642884E+02
