SANDKO
         -0.95633807E+03          0.14060316E+06         -0.72746021E+07
         -0.30913335E+03          0.75131745E+05         -0.72746022E+07
         -0.57260287E+02         -0.12163479E+05          0.68667273E+06
         -0.10934144E+03          0.63766841E+04         -0.12905702E+06
         -0.44266226E+01         -0.20522403E+03          0.20876798E+04
         -0.10979820E+02          0.32771479E+02          0.33559776E+03
         -0.88268759E+01          0.56934528E+02          0.30934213E+02
         -0.41236293E+01          0.60646635E+02         -0.81389758E+03
         -0.31786068E+01         -0.37021064E+02          0.92256967E+03
         -0.35523657E+01          0.18333115E+02         -0.89716002E+02
         -0.23919242E+01          0.48757159E+01          0.11255383E+02
         -0.18199372E+01          0.65640228E+01         -0.43305562E+02
         -0.14883267E+01          0.68189707E-01         -0.27450285E+03
         -0.22253928E+01         -0.24637064E+02         -0.45466470E+03
         -0.37564730E+01         -0.51916944E+02         -0.42629660E+04
         -0.10948712E+02         -0.30769494E+03         -0.99743484E+05
         -0.47025642E+02         -0.32999989E+04         -0.99743448E+05
          0.12970526E+04         -0.11084138E+06          0.39412824E+07
          0.73841892E+03         -0.75369843E+05          0.39412780E+07
          0.32464153E+03         -0.28074511E+05          0.11690833E+07
          0.10338755E+03          0.34907362E+04         -0.13564241E+06
          0.10447061E+03         -0.34270267E+04          0.41528344E+05
          0.23917366E+02          0.13072045E+04         -0.30885891E+05
          0.33292362E+02         -0.91657963E+03          0.34594495E+05
          0.25545638E+02         -0.19009517E+03          0.12094449E+04
          0.15587542E+02          0.22065759E+01         -0.42237761E+03
          0.13736656E+02         -0.48478734E+02         -0.14367292E+02
          0.10490121E+02         -0.49901098E+02          0.23662456E+03
          0.69899970E+01         -0.23395621E+01          0.50792120E+02
          0.71369816E+01          0.52792521E+01          0.64358833E+03
          0.81204576E+01          0.43894539E+02         -0.19673645E+04
          0.54422465E+01         -0.13316826E+03          0.18028024E+04
          0.22788788E+01         -0.25000103E+02          0.18028025E+04
          0.18361140E+00         -0.48815423E+01          0.16338283E+02
         -0.18200571E+00         -0.24307998E+01          0.16338281E+02
         -0.30254858E+00          0.19942485E-01          0.22436582E+02
         -0.13227996E+00          0.33854300E+01         -0.21860616E+02
          0.42308419E-01          0.10633761E+00          0.29258794E+01
          0.74886276E-01          0.54521953E+00         -0.11858902E+02
          0.40466461E-01         -0.12336159E+01          0.30501732E+02
          0.14586787E+00          0.33416442E+01         -0.27842757E+02
          0.20434792E+00          0.25063619E+01         -0.27842711E+02
         -0.59668939E+01          0.28649682E+03         -0.13679788E+04
          0.12422947E+02          0.81299999E+02         -0.13679788E+04
          0.10293106E+02         -0.12389682E+03          0.79989397E+03
          0.39026288E+01         -0.39127261E+01         -0.89196995E+02
          0.28423788E+01         -0.17292274E+02          0.13849396E+03
          0.21518561E+01          0.34818214E+01         -0.47978948E+02
          0.21401961E+01         -0.37150221E+01         -0.35377990E+02
          0.15033589E+01         -0.90217222E+01          0.68587987E+02
          0.13435009E+01         -0.69640833E+01          0.68588156E+02
