CLAYKO
         -0.75775726E+02         -0.36336411E+04          0.12112137E+06
         -0.11211214E+03          0.00000000E+00          0.12112137E+06
         -0.75775726E+02          0.36336410E+04         -0.10560683E+06
         -0.34784957E+02          0.46543603E+03          0.11905909E+04
         -0.14738807E+02          0.53687151E+03         -0.14996557E+05
         -0.11259815E+02         -0.36292188E+03          0.87956289E+04
         -0.15221936E+02          0.16481583E+03         -0.16325371E+04
         -0.10306174E+02         -0.55576683E+02          0.81117386E+03
         -0.90582064E+01          0.78267006E+02         -0.43566730E+03
         -0.45051349E+01         -0.13223126E+02          0.66516492E+02
         -0.53285738E+01         -0.32456540E+01          0.19634260E+03
         -0.41805696E+01          0.26205737E+02         -0.11291776E+04
         -0.61400143E+01         -0.85582850E+02          0.24889577E+04
         -0.62916931E+01          0.78688358E+02         -0.30395836E+04
         -0.97772663E+01         -0.19487415E+03         -0.21614048E+04
         -0.23573609E+02         -0.35697950E+03          0.17829955E+04
         -0.35713194E+02         -0.24999982E+03          0.17829937E+04
          0.98869560E+02          0.16956596E+03         -0.56521988E+04
          0.10056522E+03          0.00000000E+00         -0.56521988E+04
          0.98869560E+02         -0.16956592E+03          0.11304398E+05
          0.10565220E+03          0.50869807E+03         -0.10739183E+06
          0.83608611E+02         -0.27130568E+04          0.51631313E+05
          0.37043914E+02          0.38482197E+03         -0.11850887E+05
          0.38215728E+02         -0.32623126E+03          0.30209516E+04
          0.26617796E+02          0.36282941E+02         -0.10541033E+04
          0.19587433E+02         -0.15345565E+03          0.18698913E+04
          0.15428801E+02          0.14834569E+02         -0.44520538E+03
          0.10961121E+02         -0.78658558E+02          0.11887226E+04
          0.12010685E+02          0.99649824E+02         -0.79727001E+03
          0.15996142E+02         -0.19940667E+02          0.35638808E+00
          0.14004748E+02         -0.19887204E+02          0.36205930E+04
          0.22587118E+02          0.30596621E+03         -0.92661039E+04
          0.23706442E+02         -0.24999999E+03         -0.92661040E+04
          0.18361187E+02         -0.48815556E+03          0.16338369E+04
         -0.18200592E+02         -0.24308001E+03          0.16338367E+04
         -0.30254817E+02          0.19955301E+01          0.22436160E+04
         -0.13228143E+02          0.33853794E+03         -0.21859014E+04
          0.42313902E+01          0.10652740E+02          0.29198898E+03
          0.74865816E+01          0.54451086E+02         -0.11836543E+04
          0.40542828E+01         -0.12309706E+03          0.30418280E+04
          0.14558288E+02          0.33317715E+03         -0.24005566E+04
          0.20501663E+02          0.26116048E+03         -0.24005551E+04
          0.37125423E+01          0.86113731E+02         -0.43209152E+03
          0.90832289E+01          0.21299999E+02         -0.43209152E+03
          0.79725423E+01         -0.43513730E+02          0.12045769E+03
          0.45246019E+01         -0.25445075E+02          0.92660764E+02
          0.26750501E+01         -0.11545961E+02          0.90499160E+02
          0.21991977E+01          0.20289135E+01         -0.37857460E+02
          0.21181581E+01         -0.36497068E+01         -0.30269049E+02
          0.15261696E+01         -0.81900629E+01          0.57305717E+02
          0.13795600E+01         -0.64708883E+01          0.57305937E+02
