U!E*!N [m s!E-1!N]	at 21 m
0	0.4765796
1800	0.5757074
3600	0.4995843
5400	0.3868653
7200	0.3446753
9000	0.3152279
10800	0.3367
12600	0.3077913
14400	0.2753678
16200	0.2655044
18000	0.2498728
19800	0.2851346
21600	0.3249339
23400	0.3671789
25200	0.3486081
27000	0.3434854
28800	0.2772081
30600	0.4038741
32400	0.3699602
34200	0.4209985
36000	0.4525546
37800	0.4851449
39600	0.3837949
41400	0.3983219
43200	0.4709858
45000	0.5497378
46800	0.5209371
48600	0.4999389
50400	0.6184663
52200	0.467924
54000	0.6456031
55800	0.5258309
57600	0.5451288
59400	0.6117209
61200	0.521161
63000	0.5767661
64800	0.5676312
66600	0.6193547
68400	0.4451724
70200	0.432479
72000	0.3812729
73800	0.3629451
75600	0.2421005
77400	0.301352
79200	0.2310354
81000	0.2509796
82800	0.3071163
84600	0.245462
86400	0.2098865
88200	0.1389437
90000	0.1086177
91800	0.0806421
93600	0.0991374
95400	0.0808915
97200	0.0468828
99000	0.09293
100800	0.0496029
102600	0.0820008
104400	0.0667342
106200	0.0898549
108000	0.0864091
109800	0.0556948
111600	0.1217197
113400	0.1203075
115200	0.1443144
117000	0.2123028
118800	0.1993808
120600	0.1560699
122400	0.1171695
124200	0.1405403
126000	0.1793282
127800	0.1017054
129600	0.2437803
131400	0.1643109
133200	0.2424519
135000	0.2294476
136800	0.1670855
138600	0.2677248
140400	0.3927382
142200	0.2131586
144000	0.1456229
145800	0.1306749
147600	0.1203334
149400	0.0903503
151200	0.0307409
153000	0.0558405
154800	0.1295042
156600	0.0416548
158400	0.0504284
160200	0.0640134
162000	0.0654994
163800	0.0918416
165600	0.1483637
167400	0.1103471
169200	0.1401556
171000	0.1704013
