!4b!X [!9%!X]	at 36 m
0	280.5368042
1800	269.559021
3600	257.1754456
5400	244.6029968
7200	236.3607483
9000	239.982605
10800	231.7298889
12600	231.1151733
14400	237.1273499
16200	234.9443207
18000	243.3711243
19800	261.3010864
21600	261.9280701
23400	264.0440063
25200	257.9228516
27000	259.9554749
28800	271.2044678
30600	275.9072571
32400	289.5568542
34200	297.4642029
36000	289.3753052
37800	294.0155334
39600	291.1921082
41400	280.1653748
43200	310.4936523
45000	305.4675598
46800	298.14151
48600	306.7035828
50400	300.2361755
52200	311.8839111
54000	295.3509827
55800	298.3632202
57600	289.254364
59400	288.1051636
61200	265.0018921
63000	252.187851
64800	247.717865
66600	257.2160645
68400	257.9458618
70200	266.6535339
72000	257.5614014
73800	266.4429626
75600	269.1167908
77400	267.9353638
79200	259.695343
81000	252.9443817
82800	248.9179382
84600	249.0022736
86400	246.1130829
88200	247.557373
90000	248.929245
91800	248.7224121
93600	247.7798004
95400	237.7414703
97200	249.7507782
99000	235.4742279
100800	253.8690643
102600	253.6729736
104400	254.0327759
106200	248.4411469
108000	244.2451019
109800	265.5884094
111600	266.6625977
113400	276.3005371
115200	300.7415771
117000	306.5655518
118800	308.7913818
120600	333.6809998
122400	355.5193787
124200	304.0168762
126000	237.2349243
127800	359.2875671
129600	57.0474663
131400	55.9024429
133200	77.7822571
135000	233.0007782
136800	328.0589294
138600	150.2619781
140400	166.007782
142200	169.9842377
144000	45.7881546
145800	345.3580017
147600	327.0886536
149400	8.8030148
151200	1.0028915
153000	35.1230545
154800	31.8491268
156600	57.2696953
158400	76.8952255
160200	112.5666275
162000	130.6428223
163800	120.7748032
165600	130.58284
167400	125.2381439
169200	143.2749023
171000	141.7245331
